SIZES
  narena                14680064
  nbuffer               904288
  nplugin               0
  maxuse_stack          7784
  maxuse_arena          29248
  maxuse_con            0
  maxuse_efc            4
  solver_nisland        1
  ne                    0
  nf                    0
  nl                    4
  nefc                  4
  nnzJ                  72
  ncon                  0
  nisland               0
  threadpool            0

TIMER
    0:  duration =  0          number = 0
    1:  duration =  0.79       number = 16
    2:  duration =  0          number = 0
    3:  duration =  0.65       number = 16
    4:  duration =  0.021      number = 16
    5:  duration =  0.0058     number = 16
    6:  duration =  0.071      number = 16
    7:  duration =  0          number = 0
    8:  duration =  0.09       number = 16
    9:  duration =  0.022      number = 16
    10:  duration =  0.5        number = 16
    11:  duration =  0.023      number = 16
    12:  duration =  0.0011     number = 16
    13:  duration =  0.062      number = 16
    14:  duration =  0.1        number = 16

SOLVER STAT
  solver_nisland = 1
  solver_fwdinv =   0         0       
  ISLAND 0
    solver_niter = 1
    solver_nnz = 324
      0:  improvement =  0           gradient =  3.1e-17     lineslope =  0       
          nactive = 4   nchange = 0   neval = 2   nupdate = 0

ENERGY =   0         0       

TIME =  0       

QPOS
   0       
   0       
   0.75    
   1       
   0       
   0       
   0       
   0       
   0       
   0       
   0       
   0       
   0       
   0       
   0       
   0       
   0       
   0       
   0       

QVEL
   0       
   0       
   0       
   0       
   0       
   0       
   0       
   0       
   0       
   0       
   0       
   0       
   0       
   0       
   0       
   0       
   0       
   0       

QACC_WARMSTART
   6.8     
  -8.1e-06 
  -10      
   0.071   
  -0.16    
   0.1     
   1.2     
   5.3e+02 
  -1.5e+03 
  -1.4     
   5.3e+02 
  -1.5e+03 
   1.2     
   5.3e+02 
  -1.5e+03 
  -1.2     
   5.3e+02 
  -1.5e+03 

CTRL
   0       
   0       
   0       
   0       
   0       
   0       
   0       
   0       
   0       
   0       
   0       
   0       

QFRC_APPLIED
   0       
   0       
   0       
   0       
   0       
   0       
   0       
   0       
   0       
   0       
   0       
   0       
   0       
   0       
   0       
   0       
   0       
   0       

XFRC_APPLIED
   0         0         0         0         0         0       
   0         0         0         0         0         0       
   0         0         0         0         0         0       
   0         0         0         0         0         0       
   0         0         0         0         0         0       
   0         0         0         0         0         0       
   0         0         0         0         0         0       
   0         0         0         0         0         0       
   0         0         0         0         0         0       
   0         0         0         0         0         0       
   0         0         0         0         0         0       
   0         0         0         0         0         0       
   0         0         0         0         0         0       
   0         0         0         0         0         0       

QACC
   6.8     
  -8.1e-06 
  -10      
   0.071   
  -0.16    
   0.1     
   1.2     
   5.3e+02 
  -1.5e+03 
  -1.4     
   5.3e+02 
  -1.5e+03 
   1.2     
   5.3e+02 
  -1.5e+03 
  -1.2     
   5.3e+02 
  -1.5e+03 

SENSOR
   1       
   0       
   0       
   0       
   0       
   0       
   0       
   6.8     
  -8.1e-06 
  -0.33    
   0       
   0       
   0       
   0       
   0       
   0       
   0       
   0       
   0       
   0       
   0       
   0       
   0       
   0       
   0       
   0       
   0       
   0       
   0       
   0       
   0       
   0       
   0       
   0       
   1       
   0       
   0       
   0       
   0       
   0       
   0.75    
   0       
   0       
   0       
   0       
   0       
   0       

XPOS
   0         0         0       
   0         0         0.75    
   0.35     -0.072     0.75    
   0.35     -0.2       0.75    
   0.35     -0.2       0.4     
   0.35      0.072     0.75    
   0.35      0.2       0.75    
   0.35      0.2       0.4     
  -0.35     -0.072     0.75    
  -0.35     -0.2       0.75    
  -0.35     -0.2       0.4     
  -0.35      0.072     0.75    
  -0.35      0.2       0.75    
  -0.35      0.2       0.4     

XQUAT
   1         0         0         0       
   1         0         0         0       
   1         0         0         0       
   1         0         0         0       
   1         0         0         0       
   1         0         0         0       
   1         0         0         0       
   1         0         0         0       
   1         0         0         0       
   1         0         0         0       
   1         0         0         0       
   1         0         0         0       
   1         0         0         0       
   1         0         0         0       

XMAT
   1         0         0         0         1         0         0         0         1       
   1         0         0         0         1         0         0         0         1       
   1         0         0         0         1         0         0         0         1       
   1         0         0         0         1         0         0         0         1       
   1         0         0         0         1         0         0         0         1       
   1         0         0         0         1         0         0         0         1       
   1         0         0         0         1         0         0         0         1       
   1         0         0         0         1         0         0         0         1       
   1         0         0         0         1         0         0         0         1       
   1         0         0         0         1         0         0         0         1       
   1         0         0         0         1         0         0         0         1       
   1         0         0         0         1         0         0         0         1       
   1         0         0         0         1         0         0         0         1       
   1         0         0         0         1         0         0         0         1       

XIPOS
   0         0         0       
   0.0088    0.0022    0.75    
   0.33     -0.082     0.75    
   0.35     -0.17      0.7     
   0.35     -0.2       0.19    
   0.33      0.082     0.75    
   0.35      0.17      0.7     
   0.35      0.2       0.19    
  -0.33     -0.082     0.75    
  -0.35     -0.17      0.7     
  -0.34     -0.2       0.19    
  -0.33      0.082     0.75    
  -0.35      0.17      0.7     
  -0.34      0.2       0.19    

XIMAT
   1         0         0         0         1         0         0         0         1       
  -0.044     0.002     1         0.0076   -1         0.0023    1         0.0077    0.044   
   0.054    -0.0017    1         1         0.00073  -0.054    -0.00063   1         0.0018  
   0.088    -0.99      0.062     0.98      0.097     0.16     -0.16      0.047     0.99    
   0.0004   -1        -0.014     1         0.0004   -2.9e-05   3.4e-05  -0.014     1       
  -0.054    -0.0017    1         1        -0.00073   0.054     0.00063   1         0.0018  
  -0.088    -0.99      0.062     0.98     -0.097    -0.16      0.16      0.047     0.99    
   0.0004   -1        -0.014     1         0.0004   -2.9e-05   3.4e-05  -0.014     1       
  -0.054     0.0017    1         1         0.00073   0.054    -0.00063   1        -0.0018  
   0.088    -0.99      0.062     0.98      0.097     0.16     -0.16      0.047     0.99    
   0.0004   -1        -0.014     1         0.0004   -2.9e-05   3.4e-05  -0.014     1       
   0.054     0.0017    1         1        -0.00073  -0.054     0.00063   1        -0.0018  
  -0.088    -0.99      0.062     0.98     -0.097    -0.16      0.16      0.047     0.99    
   0.0004   -1        -0.014     1         0.0004   -2.9e-05   3.4e-05  -0.014     1       

XANCHOR
   0         0         0.75    
   0.35     -0.072     0.75    
   0.35     -0.2       0.75    
   0.35     -0.2       0.4     
   0.35      0.072     0.75    
   0.35      0.2       0.75    
   0.35      0.2       0.4     
  -0.35     -0.072     0.75    
  -0.35     -0.2       0.75    
  -0.35     -0.2       0.4     
  -0.35      0.072     0.75    
  -0.35      0.2       0.75    
  -0.35      0.2       0.4     

XAXIS
   0         0         1       
   1         0         0       
   0         1         0       
   0         1         0       
   1         0         0       
   0         1         0       
   0         1         0       
   1         0         0       
   0         1         0       
   0         1         0       
   1         0         0       
   0         1         0       
   0         1         0       

GEOM_XPOS
   0         0         0       
   0.1       0         0       
   0         0         0       
   0.019     0.00042   0.75    
   0         0         0.75    
   0.2      -0.072     0.75    
   0.2       0.072     0.75    
  -0.2      -0.072     0.75    
  -0.2       0.072     0.75    
   0.32     -0.066     0.75    
   0.35     -0.081     0.75    
   0.35     -0.17      0.69    
   0.35     -0.17      0.69    
   0.35     -0.15      0.75    
   0.35     -0.15      0.75    
   0.35     -0.2       0.2     
   0.35     -0.2       0.2     
   0.35     -0.2       0.05    
   0.35     -0.2       0.05    
   0.32      0.066     0.75    
   0.35      0.081     0.75    
   0.35      0.17      0.69    
   0.35      0.17      0.69    
   0.35      0.15      0.75    
   0.35      0.15      0.75    
   0.35      0.2       0.2     
   0.35      0.2       0.2     
   0.35      0.2       0.05    
   0.35      0.2       0.05    
  -0.32     -0.066     0.75    
  -0.35     -0.081     0.75    
  -0.35     -0.17      0.69    
  -0.35     -0.17      0.69    
  -0.35     -0.15      0.75    
  -0.35     -0.15      0.75    
  -0.34     -0.2       0.2     
  -0.34     -0.2       0.2     
  -0.35     -0.2       0.05    
  -0.35     -0.2       0.05    
  -0.32      0.066     0.75    
  -0.35      0.081     0.75    
  -0.35      0.17      0.69    
  -0.35      0.17      0.69    
  -0.35      0.15      0.75    
  -0.35      0.15      0.75    
  -0.34      0.2       0.2     
  -0.34      0.2       0.2     
  -0.35      0.2       0.05    
  -0.35      0.2       0.05    

GEOM_XMAT
   1         0         0         0         1         0         0         0         1       
   1         0         0         0         1         0         0         0         1       
   1         0         0         0         1         0         0         0         1       
   0.0014    0.0001    1         0.00042  -1         0.0001    1         0.00042  -0.0014  
   0         0         1         0         1         0        -1         0         0       
   0         0         1         0         1         0        -1         0         0       
   0         0         1         0         1         0        -1         0         0       
   0         0         1         0         1         0        -1         0         0       
   0         0         1         0         1         0        -1         0         0       
   0.068    -1.4e-05   1        -1        -0.00017   0.068     0.00017  -1        -2.6e-05 
   1         0         0         0         0        -1         0         1         0       
  -0.15     -0.99     -0.051    -0.97      0.16     -0.16      0.17      0.025    -0.99    
  -0.15     -0.99     -0.051    -0.97      0.16     -0.16      0.17      0.025    -0.99    
   1         0         0         0         0        -1         0         1         0       
   1         0         0         0         0        -1         0         1         0       
   0        -1         0.021    -1         0         0         0        -0.021    -1       
   0        -1         0.021    -1         0         0         0        -0.021    -1       
   1         0         0         0         1         0         0         0         1       
   1         0         0         0         1         0         0         0         1       
   0.068    -1.4e-05   1         1         0.00017  -0.068    -0.00017   1         2.6e-05 
   1         0         0         0         0        -1         0         1         0       
   0.15     -0.99     -0.051    -0.97     -0.16      0.16     -0.17      0.025    -0.99    
   0.15     -0.99     -0.051    -0.97     -0.16      0.16     -0.17      0.025    -0.99    
   1         0         0         0         0        -1         0         1         0       
   1         0         0         0         0        -1         0         1         0       
   0        -1         0.021    -1         0         0         0        -0.021    -1       
   0        -1         0.021    -1         0         0         0        -0.021    -1       
   1         0         0         0         1         0         0         0         1       
   1         0         0         0         1         0         0         0         1       
  -0.068     1.4e-05  -1        -1        -0.00017   0.068    -0.00017   1         2.6e-05 
   1         0         0         0         0        -1         0         1         0       
  -0.15     -0.99     -0.051    -0.97      0.16     -0.16      0.17      0.025    -0.99    
  -0.15     -0.99     -0.051    -0.97      0.16     -0.16      0.17      0.025    -0.99    
   1         0         0         0         0        -1         0         1         0       
   1         0         0         0         0        -1         0         1         0       
   0        -1         0.021    -1         0         0         0        -0.021    -1       
   0        -1         0.021    -1         0         0         0        -0.021    -1       
   1         0         0         0         1         0         0         0         1       
   1         0         0         0         1         0         0         0         1       
  -0.068     1.4e-05  -1         1         0.00017  -0.068     0.00017  -1        -2.6e-05 
   1         0         0         0         0        -1         0         1         0       
   0.15     -0.99     -0.051    -0.97     -0.16      0.16     -0.17      0.025    -0.99    
   0.15     -0.99     -0.051    -0.97     -0.16      0.16     -0.17      0.025    -0.99    
   1         0         0         0         0        -1         0         1         0       
   1         0         0         0         0        -1         0         1         0       
   0        -1         0.021    -1         0         0         0        -0.021    -1       
   0        -1         0.021    -1         0         0         0        -0.021    -1       
   1         0         0         0         1         0         0         0         1       
   1         0         0         0         1         0         0         0         1       

SITE_XPOS
   0         0         0.75    

SITE_XMAT
   1         0         0         0         1         0         0         0         1       

LIGHT_XPOS
   0         0         5       
   0         0         4       

LIGHT_XDIR
   0         0        -1       
   0         0        -1       

SUBTREE_COM
   0.0045    0.0011    0.7     
   0.0045    0.0011    0.7     
   0.34     -0.15      0.65    
   0.35     -0.17      0.6     
   0.35     -0.2       0.19    
   0.34      0.15      0.65    
   0.35      0.17      0.6     
   0.35      0.2       0.19    
  -0.34     -0.15      0.65    
  -0.34     -0.17      0.6     
  -0.34     -0.2       0.19    
  -0.34      0.15      0.65    
  -0.34      0.17      0.6     
  -0.34      0.2       0.19    

CDOF
   0         0         0         1         0         0       
   0         0         0         0         1         0       
   0         0         0         0         0         1       
   1         0         0        -0         0.053     0.0011  
   0         1         0        -0.053     0        -0.0045  
   0         0         1        -0.0011    0.0045    0       
   1         0         0        -0         0.053     0.073   
   0         1         0        -0.053     0         0.34    
   0         1         0         0.3      -0         0.34    
   1         0         0         0         0.053    -0.071   
   0         1         0        -0.053     0         0.34    
   0         1         0         0.3      -0         0.34    
   1         0         0        -0         0.053     0.073   
   0         1         0        -0.053     0        -0.35    
   0         1         0         0.3       0        -0.35    
   1         0         0         0         0.053    -0.071   
   0         1         0        -0.053     0        -0.35    
   0         1         0         0.3       0        -0.35    

CINERT
   0         0         0         0         0         0         0         0         0         0       
   0.28      0.88      0.82     -0.0015   -0.035    -0.0017    0.13      0.034     1.7       30      
   0.028     0.27      0.28      0.065    -0.041     0.011     0.78     -0.2       0.13      2.4     
   0.18      0.58      0.67      0.26     -0.0051   -0.005     1.6      -0.78      0.0082    4.6     
   0.34      0.43      0.18      0.076     0.19     -0.11      0.38     -0.22     -0.56      1.1     
   0.027     0.27      0.27     -0.063    -0.041    -0.01      0.78      0.19      0.13      2.4     
   0.17      0.58      0.67     -0.26     -0.0051    0.005     1.6       0.77      0.0082    4.6     
   0.34      0.43      0.18     -0.075     0.19      0.11      0.38      0.22     -0.56      1.1     
   0.028     0.28      0.29     -0.067     0.042     0.011    -0.8      -0.2       0.13      2.4     
   0.18      0.61      0.7      -0.27      0.00051  -0.005    -1.6      -0.78      0.0082    4.6     
   0.34      0.43      0.18     -0.076    -0.19     -0.11     -0.38     -0.22     -0.56      1.1     
   0.027     0.28      0.29      0.065     0.042    -0.01     -0.8       0.19      0.13      2.4     
   0.17      0.61      0.7       0.27      0.00051   0.005    -1.6       0.77      0.0082    4.6     
   0.34      0.43      0.17      0.075    -0.19      0.11     -0.38      0.22     -0.56      1.1     

ACTUATOR_LENGTH
   0       
   0       
   0       
   0       
   0       
   0       
   0       
   0       
   0       
   0       
   0       
   0       

ACTUATOR_MOMENT
   0         0         0         0         0         0         1         0         0         0         0         0         0         0         0         0         0         0       
   0         0         0         0         0         0         0         1         0         0         0         0         0         0         0         0         0         0       
   0         0         0         0         0         0         0         0         1         0         0         0         0         0         0         0         0         0       
   0         0         0         0         0         0         0         0         0         1         0         0         0         0         0         0         0         0       
   0         0         0         0         0         0         0         0         0         0         1         0         0         0         0         0         0         0       
   0         0         0         0         0         0         0         0         0         0         0         1         0         0         0         0         0         0       
   0         0         0         0         0         0         0         0         0         0         0         0         1         0         0         0         0         0       
   0         0         0         0         0         0         0         0         0         0         0         0         0         1         0         0         0         0       
   0         0         0         0         0         0         0         0         0         0         0         0         0         0         1         0         0         0       
   0         0         0         0         0         0         0         0         0         0         0         0         0         0         0         1         0         0       
   0         0         0         0         0         0         0         0         0         0         0         0         0         0         0         0         1         0       
   0         0         0         0         0         0         0         0         0         0         0         0         0         0         0         0         0         1       

CRB
   0         0         0         0         0         0         0         0         0         0       
   2.5       6.1       5.4      -0.0017   -0.04     -0.0035   -8.9e-16  -2.2e-16   4.2e-15   63      
   0.55      1.3       1.1       0.4       0.15     -0.11      2.7      -1.2      -0.42      8.1     
   0.52      1         0.85      0.34      0.19     -0.12      1.9      -0.99     -0.55      5.7     
   0.34      0.43      0.18      0.076     0.19     -0.11      0.38     -0.22     -0.56      1.1     
   0.54      1.3       1.1      -0.4       0.15      0.1       2.7       1.2      -0.42      8.1     
   0.52      1         0.84     -0.34      0.19      0.12      1.9       0.98     -0.55      5.7     
   0.34      0.43      0.18     -0.075     0.19      0.11      0.38      0.22     -0.56      1.1     
   0.55      1.3       1.2      -0.41     -0.15     -0.11     -2.8      -1.2      -0.42      8.1     
   0.52      1         0.88     -0.35     -0.19     -0.12     -2        -0.99     -0.55      5.7     
   0.34      0.43      0.18     -0.076    -0.19     -0.11     -0.38     -0.22     -0.56      1.1     
   0.54      1.3       1.2       0.41     -0.15      0.1      -2.8       1.2      -0.42      8.1     
   0.52      1         0.87      0.34     -0.19      0.12     -2         0.98     -0.55      5.7     
   0.34      0.43      0.17      0.075    -0.19      0.11     -0.38      0.22     -0.56      1.1     

QM
   63        0         0         0        -3.3      -0.066     0        -0.85     -0.23      0        -0.85     -0.23      0        -0.85     -0.23      0        -0.85     -0.23    
   0         63        0         3.3       0         0.28      0.85      0         0         0.85      0         0         0.85      0         0         0.85      0         0       
   0         0         63        0.066    -0.28      0        -0.6      -0.0045   -0.0055    0.6      -0.0045   -0.0055   -0.6      -0.0045   -0.0055    0.6      -0.0045   -0.0055  
   0         3.3       0.066     2.6      -0.002    -0.025     0.53      0.00079   0.0011    0.53     -0.00079  -0.0011    0.53      0.00079   0.0011    0.53     -0.00079  -0.0011  
  -3.3       0        -0.28     -0.002     6.3      -3.4e-06   0.21      0.42      0.15     -0.21      0.42      0.15     -0.21      0.42      0.14      0.21      0.42      0.14    
  -0.066     0.28      0        -0.025    -3.4e-06   5.4       0.29     -0.17     -0.046     0.29      0.17      0.046    -0.29     -0.17     -0.046    -0.29      0.17      0.046   
   0         0.85     -0.6       0.53      0.21      0.29      0.48      0.00047   0.0007    0         0         0         0         0         0         0         0         0       
  -0.85      0        -0.0045    0.00079   0.42     -0.17      0.00047   0.42      0.15      0         0         0         0         0         0         0         0         0       
  -0.23      0        -0.0055    0.0011    0.15     -0.046     0.0007    0.15      0.065     0         0         0         0         0         0         0         0         0       
   0         0.85      0.6       0.53     -0.21      0.29      0         0         0         0.48     -0.00047  -0.0007    0         0         0         0         0         0       
  -0.85      0        -0.0045   -0.00079   0.42      0.17      0         0         0        -0.00047   0.42      0.15      0         0         0         0         0         0       
  -0.23      0        -0.0055   -0.0011    0.15      0.046     0         0         0        -0.0007    0.15      0.065     0         0         0         0         0         0       
   0         0.85     -0.6       0.53     -0.21     -0.29      0         0         0         0         0         0         0.48      0.00047   0.0007    0         0         0       
  -0.85      0        -0.0045    0.00079   0.42     -0.17      0         0         0         0         0         0         0.00047   0.42      0.15      0         0         0       
  -0.23      0        -0.0055    0.0011    0.14     -0.046     0         0         0         0         0         0         0.0007    0.15      0.065     0         0         0       
   0         0.85      0.6       0.53      0.21     -0.29      0         0         0         0         0         0         0         0         0         0.48     -0.00047  -0.0007  
  -0.85      0        -0.0045   -0.00079   0.42      0.17      0         0         0         0         0         0         0         0         0        -0.00047   0.42      0.15    
  -0.23      0        -0.0055   -0.0011    0.14      0.046     0         0         0         0         0         0         0         0         0        -0.0007    0.15      0.065   

QLD
   55        6.6e-05   0.00053  -0.0012    0.021    -0.015    -0.0029   -3.5      -3.6       0.0029   -3.5      -3.6      -0.0029   -3.5      -3.6       0.0029   -3.5      -3.6     
   6.6e-05   56        0.0013   -1.2       8e-08     0.064     1.8       0         0         1.8       0         0         1.8       0         0         1.8       0         0       
   0.00053   0.0013    60        0.19     -0.063     5.8e-08  -1.3       0.084    -0.085     1.3       0.084    -0.085    -1.3       0.084    -0.085     1.3       0.084    -0.085   
  -0.0012   -1.2       0.19      0.34     -0.00047  -0.0067    1.1      -0.018     0.017     1.1       0.018    -0.017     1.1      -0.018     0.017     1.1       0.018    -0.017   
   0.021     8e-08    -0.063    -0.00047   4.2      -1.2e-06   0.43      0.97      2.3      -0.43      0.97      2.3      -0.43      1         2.2       0.43      1         2.2     
  -0.015     0.064     5.8e-08  -0.0067   -1.2e-06   4.4       0.61     -0.69     -0.71      0.61      0.69      0.71     -0.61     -0.69     -0.71     -0.61      0.69      0.71    
  -0.0029    1.8      -1.3       1.1       0.43      0.61      0.48     -0.012     0.011     0         0         0         0         0         0         0         0         0       
  -3.5       0         0.084    -0.018     0.97     -0.69     -0.012     0.094     2.2       0         0         0         0         0         0         0         0         0       
  -3.6       0        -0.085     0.017     2.3      -0.71      0.011     2.2       0.065     0         0         0         0         0         0         0         0         0       
   0.0029    1.8       1.3       1.1      -0.43      0.61      0         0         0         0.48      0.012    -0.011     0         0         0         0         0         0       
  -3.5       0         0.084     0.018     0.97      0.69      0         0         0         0.012     0.094     2.2       0         0         0         0         0         0       
  -3.6       0        -0.085    -0.017     2.3       0.71      0         0         0        -0.011     2.2       0.065     0         0         0         0         0         0       
  -0.0029    1.8      -1.3       1.1      -0.43     -0.61      0         0         0         0         0         0         0.48     -0.012     0.011     0         0         0       
  -3.5       0         0.084    -0.018     1        -0.69      0         0         0         0         0         0        -0.012     0.094     2.2       0         0         0       
  -3.6       0        -0.085     0.017     2.2      -0.71      0         0         0         0         0         0         0.011     2.2       0.065     0         0         0       
   0.0029    1.8       1.3       1.1       0.43     -0.61      0         0         0         0         0         0         0         0         0         0.48      0.012    -0.011   
  -3.5       0         0.084     0.018     1         0.69      0         0         0         0         0         0         0         0         0         0.012     0.094     2.2     
  -3.6       0        -0.085    -0.017     2.2       0.71      0         0         0         0         0         0         0         0         0        -0.011     2.2       0.065   

QLDIAGINV
   0.018   
   0.018   
   0.017   
   2.9     
   0.24    
   0.23    
   2.1     
   11      
   15      
   2.1     
   11      
   15      
   2.1     
   11      
   15      
   2.1     
   11      
   15      

QLDIAGSQRTINV
   0.14    
   0.13    
   0.13    
   1.7     
   0.49    
   0.48    
   1.4     
   3.3     
   3.9     
   1.4     
   3.3     
   3.9     
   1.4     
   3.3     
   3.9     
   1.4     
   3.3     
   3.9     

D_rownnz              18 18 18 18 18 18 9 9 9 9 9 9 9 9 9 9 9 9

D_rowadr              0 18 36 54 72 90 108 117 126 135 144 153 162 171 180 189 198 207

D_colind              0 1 2 3 4 5 6 7 8 9 10 11 12 13 14 15 16 17 0 1 2 3 4 5 6 7 8 9 10 11 12 13 14 15 16 17 0 1 2 3 4 5 6 7 8 9 10 11 12 13 14 15 16 17 0 1 2 3 4 5 6 7 8 9 10 11 12 13 14 15 16 17 0 1 2 3 4 5 6 7 8 9 10 11 12 13 14 15 16 17 0 1 2 3 4 5 6 7 8 9 10 11 12 13 14 15 16 17 0 1 2 3 4 5 6 7 8 0 1 2 3 4 5 6 7 8 0 1 2 3 4 5 6 7 8 0 1 2 3 4 5 9 10 11 0 1 2 3 4 5 9 10 11 0 1 2 3 4 5 9 10 11 0 1 2 3 4 5 12 13 14 0 1 2 3 4 5 12 13 14 0 1 2 3 4 5 12 13 14 0 1 2 3 4 5 15 16 17 0 1 2 3 4 5 15 16 17 0 1 2 3 4 5 15 16 17

B_rownnz              18 18 9 9 9 9 9 9 9 9 9 9 9 9

B_rowadr              0 18 36 45 54 63 72 81 90 99 108 117 126 135

B_colind              0 1 2 3 4 5 6 7 8 9 10 11 12 13 14 15 16 17 0 1 2 3 4 5 6 7 8 9 10 11 12 13 14 15 16 17 0 1 2 3 4 5 6 7 8 0 1 2 3 4 5 6 7 8 0 1 2 3 4 5 6 7 8 0 1 2 3 4 5 9 10 11 0 1 2 3 4 5 9 10 11 0 1 2 3 4 5 9 10 11 0 1 2 3 4 5 12 13 14 0 1 2 3 4 5 12 13 14 0 1 2 3 4 5 12 13 14 0 1 2 3 4 5 15 16 17 0 1 2 3 4 5 15 16 17 0 1 2 3 4 5 15 16 17

QDERIV
   0         0         0         0         0         0         0         0         0         0         0         0         0         0         0         0         0         0       
   0         0         0         0         0         0         0         0         0         0         0         0         0         0         0         0         0         0       
   0         0         0         0         0         0         0         0         0         0         0         0         0         0         0         0         0         0       
   0         0         0         0         0         0         0         0         0         0         0         0         0         0         0         0         0         0       
   0         0         0         0         0         0         0         0         0         0         0         0         0         0         0         0         0         0       
   0         0         0         0         0         0         0         0         0         0         0         0         0         0         0         0         0         0       
   0         0         0         0         0         0         0         0         0         0         0         0         0         0         0         0         0         0       
   0         0         0         0         0         0         0         0         0         0         0         0         0         0         0         0         0         0       
   0         0         0         0         0         0         0         0         0         0         0         0         0         0         0         0         0         0       
   0         0         0         0         0         0         0         0         0         0         0         0         0         0         0         0         0         0       
   0         0         0         0         0         0         0         0         0         0         0         0         0         0         0         0         0         0       
   0         0         0         0         0         0         0         0         0         0         0         0         0         0         0         0         0         0       
   0         0         0         0         0         0         0         0         0         0         0         0         0         0         0         0         0         0       
   0         0         0         0         0         0         0         0         0         0         0         0         0         0         0         0         0         0       
   0         0         0         0         0         0         0         0         0         0         0         0         0         0         0         0         0         0       
   0         0         0         0         0         0         0         0         0         0         0         0         0         0         0         0         0         0       
   0         0         0         0         0         0         0         0         0         0         0         0         0         0         0         0         0         0       
   0         0         0         0         0         0         0         0         0         0         0         0         0         0         0         0         0         0       

QLU
   0         0         0         0         0         0         0         0         0         0         0         0         0         0         0         0         0         0       
   0         0         0         0         0         0         0         0         0         0         0         0         0         0         0         0         0         0       
   0         0         0         0         0         0         0         0         0         0         0         0         0         0         0         0         0         0       
   0         0         0         0         0         0         0         0         0         0         0         0         0         0         0         0         0         0       
   0         0         0         0         0         0         0         0         0         0         0         0         0         0         0         0         0         0       
   0         0         0         0         0         0         0         0         0         0         0         0         0         0         0         0         0         0       
   0         0         0         0         0         0         0         0         0         0         0         0         0         0         0         0         0         0       
   0         0         0         0         0         0         0         0         0         0         0         0         0         0         0         0         0         0       
   0         0         0         0         0         0         0         0         0         0         0         0         0         0         0         0         0         0       
   0         0         0         0         0         0         0         0         0         0         0         0         0         0         0         0         0         0       
   0         0         0         0         0         0         0         0         0         0         0         0         0         0         0         0         0         0       
   0         0         0         0         0         0         0         0         0         0         0         0         0         0         0         0         0         0       
   0         0         0         0         0         0         0         0         0         0         0         0         0         0         0         0         0         0       
   0         0         0         0         0         0         0         0         0         0         0         0         0         0         0         0         0         0       
   0         0         0         0         0         0         0         0         0         0         0         0         0         0         0         0         0         0       
   0         0         0         0         0         0         0         0         0         0         0         0         0         0         0         0         0         0       
   0         0         0         0         0         0         0         0         0         0         0         0         0         0         0         0         0         0       
   0         0         0         0         0         0         0         0         0         0         0         0         0         0         0         0         0         0       

CONTACT
EFC_TYPE
  3
  3
  3
  3

EFC_ID
  3
  6
  9
  12

EFC_J
   0         0         0         0         0         0         0         0        -1         0         0         0         0         0         0         0         0         0       
   0         0         0         0         0         0         0         0         0         0         0        -1         0         0         0         0         0         0       
   0         0         0         0         0         0         0         0         0         0         0         0         0         0        -1         0         0         0       
   0         0         0         0         0         0         0         0         0         0         0         0         0         0         0         0         0        -1       

EFC_POS
  -0.6     
  -0.6     
  -0.6     
  -0.6     

EFC_MARGIN
   0       
   0       
   0       
   0       

EFC_FRICTIONLOSS
   0       
   0       
   0       
   0       

EFC_DIAGAPPROX
   70      
   70      
   70      
   70      

EFC_KBIP
   2.8e+03   1.1e+02   0.95      0       
   2.8e+03   1.1e+02   0.95      0       
   2.8e+03   1.1e+02   0.95      0       
   2.8e+03   1.1e+02   0.95      0       

EFC_D
   0.27    
   0.27    
   0.27    
   0.27    

EFC_R
   3.7     
   3.7     
   3.7     
   3.7     

ACTUATOR_VELOCITY
   0       
   0       
   0       
   0       
   0       
   0       
   0       
   0       
   0       
   0       
   0       
   0       

CVEL
   0         0         0         0         0         0       
   0         0         0         0         0         0       
   0         0         0         0         0         0       
   0         0         0         0         0         0       
   0         0         0         0         0         0       
   0         0         0         0         0         0       
   0         0         0         0         0         0       
   0         0         0         0         0         0       
   0         0         0         0         0         0       
   0         0         0         0         0         0       
   0         0         0         0         0         0       
   0         0         0         0         0         0       
   0         0         0         0         0         0       
   0         0         0         0         0         0       

CDOF_DOT
   0         0         0         0         0         0       
   0         0         0         0         0         0       
   0         0         0         0         0         0       
   0         0         0         0         0         0       
   0         0         0         0         0         0       
   0         0         0         0         0         0       
   0         0         0         0         0         0       
   0         0         0         0         0         0       
   0         0         0         0         0         0       
   0         0         0         0         0         0       
   0         0         0         0         0         0       
   0         0         0         0         0         0       
   0         0         0         0         0         0       
   0         0         0         0         0         0       
   0         0         0         0         0         0       
   0         0         0         0         0         0       
   0         0         0         0         0         0       
   0         0         0         0         0         0       

QFRC_BIAS
   0       
   0       
   6.1e+02 
   0.65    
  -2.8     
   0       
  -5.9     
  -0.044   
  -0.054   
   5.9     
  -0.044   
  -0.054   
  -5.9     
  -0.044   
  -0.054   
   5.9     
  -0.044   
  -0.054   

QFRC_SPRING
   0       
   0       
   0       
   0       
   0       
   0       
   0       
   0       
   0       
   0       
   0       
   0       
   0       
   0       
   0       
   0       
   0       
   0       

QFRC_DAMPER
   0       
   0       
   0       
   0       
   0       
   0       
   0       
   0       
   0       
   0       
   0       
   0       
   0       
   0       
   0       
   0       
   0       
   0       

QFRC_GRAVCOMP
   0       
   0       
   0       
   0       
   0       
   0       
   0       
   0       
   0       
   0       
   0       
   0       
   0       
   0       
   0       
   0       
   0       
   0       

QFRC_FLUID
   0       
   0       
   0       
   0       
   0       
   0       
   0       
   0       
   0       
   0       
   0       
   0       
   0       
   0       
   0       
   0       
   0       
   0       

QFRC_PASSIVE
   0       
   0       
   0       
   0       
   0       
   0       
   0       
   0       
   0       
   0       
   0       
   0       
   0       
   0       
   0       
   0       
   0       
   0       

EFC_VEL
   0       
   0       
   0       
   0       

EFC_AREF
   1.6e+03 
   1.6e+03 
   1.6e+03 
   1.6e+03 

SUBTREE_LINVEL
   0         0         0       
   0         0         0       
   0         0         0       
   0         0         0       
   0         0         0       
   0         0         0       
   0         0         0       
   0         0         0       
   0         0         0       
   0         0         0       
   0         0         0       
   0         0         0       
   0         0         0       
   0         0         0       

SUBTREE_ANGMOM
   0         0         0       
   0         0         0       
   0         0         0       
   0         0         0       
   0         0         0       
   0         0         0       
   0         0         0       
   0         0         0       
   0         0         0       
   0         0         0       
   0         0         0       
   0         0         0       
   0         0         0       
   0         0         0       

ACTUATOR_FORCE
   0       
   0       
   0       
   0       
   0       
   0       
   0       
   0       
   0       
   0       
   0       
   0       

QFRC_ACTUATOR
   0       
   0       
   0       
   0       
   0       
   0       
   0       
   0       
   0       
   0       
   0       
   0       
   0       
   0       
   0       
   0       
   0       
   0       

QFRC_SMOOTH
   0       
   0       
  -6.1e+02 
  -0.65    
   2.8     
   0       
   5.9     
   0.044   
   0.054   
  -5.9     
   0.044   
   0.054   
   5.9     
   0.044   
   0.054   
  -5.9     
   0.044   
   0.054   

QACC_SMOOTH
   3.7e-16 
  -2e-16   
  -9.8     
  -5.8e-15 
   4.4e-16 
   7.6e-17 
   7.5e-15 
   3.2e-14 
  -7.8e-14 
   1.3e-14 
   3.2e-14 
  -7.8e-14 
   7.5e-15 
   1.7e-15 
   3.2e-15 
   1.3e-14 
   1.7e-15 
   3.2e-15 

EFC_B
  -1.6e+03 
  -1.6e+03 
  -1.6e+03 
  -1.6e+03 

EFC_FORCE
   21      
   21      
   21      
   21      

EFC_STATE
  1
  1
  1
  1

QFRC_CONSTRAINT
   0       
   0       
   0       
   0       
   0       
   0       
   0       
   0       
  -21      
   0       
   0       
  -21      
   0       
   0       
  -21      
   0       
   0       
  -21      

QFRC_INVERSE
   0       
   0       
   0       
   0       
   0       
   0       
   0       
   0       
   0       
   0       
   0       
   0       
   0       
   0       
   0       
   0       
   0       
   0       

CACC
   0         0         0        -0        -0         9.8     
   0.071    -0.16      0.1       6.8       0.0042   -0.33    
   1.2      -0.16      0.1       6.8       0.066    -0.24    
   1.2       5.3e+02   0.1      -21        0.066     1.8e+02 
   1.2      -9.7e+02   0.1      -4.7e+02   0.066    -3.3e+02 
  -1.4      -0.16      0.1       6.8      -0.072    -0.22    
  -1.4       5.3e+02   0.1      -21       -0.072     1.8e+02 
  -1.4      -9.7e+02   0.1      -4.7e+02  -0.072    -3.3e+02 
   1.2      -0.16      0.1       6.8       0.065    -0.24    
   1.2       5.3e+02   0.1      -21        0.065    -1.9e+02 
   1.2      -9.7e+02   0.1      -4.7e+02   0.065     3.4e+02 
  -1.1      -0.16      0.1       6.8      -0.058    -0.24    
  -1.1       5.3e+02   0.1      -21       -0.058    -1.9e+02 
  -1.1      -9.7e+02   0.1      -4.7e+02  -0.058     3.4e+02 

CFRC_INT
  -5.1e-14   2.1e-13  -1.1e-13  -4.2e-13  -2.2e-16  -5.5e-13 
  -5.1e-14   2.1e-13  -1.1e-13  -4.2e-13  -2.2e-16  -5.5e-13 
  -0.28     -3.7      -12       -51        1.3       2.9     
  -0.34     -4.8      -14       -67        1.3       3.6     
  -0.54     -30        5.4       26        0.8       4.8     
   0.25     -3.7       12       -51       -0.89      2.9     
   0.32     -4.8       14       -67       -0.97      3.6     
   0.53     -30       -5.4       26       -0.81      4.8     
  -0.18     -2        -13       -51        0.76      2       
  -0.27     -2.5      -14       -67        0.84      2.9     
  -0.56     -27        4.9       26        0.71      4.7     
   0.22     -1.9       13       -51       -1.2       2.1     
   0.29     -2.5       14       -67       -1.1       3.1     
   0.56     -27       -4.8       26       -0.72      4.8     

CFRC_EXT
   0         0         0         0         0         0       
   0         0         0         0         0         0       
   0         0         0         0         0         0       
   0         0         0         0         0         0       
   0         0         0         0         0         0       
   0         0         0         0         0         0       
   0         0         0         0         0         0       
   0         0         0         0         0         0       
   0         0         0         0         0         0       
   0         0         0         0         0         0       
   0         0         0         0         0         0       
   0         0         0         0         0         0       
   0         0         0         0         0         0       
   0         0         0         0         0         0       

